SOURCE: J0917-4413
EPOCH: 59677.7900644
PERIOD: 0.0529075444978981s
DM: 123.900001525879
ACC: 2.27837038040161 (m/s/s)
